    2   'Bg'   -0.061953    0.027133
    3   'Cg'    5.562367    0.318464
    7   'Aprig'    0.166118    0.028009
    8   'Bprig'   -0.383100    0.009784
    9   'Cprig'   25.000000    0.000000
   12   'Buv'    0.810476    0.016017
   13   'Cuv'    4.823512    0.063844
   15   'Euv'    9.921366    0.835891
   22   'Bdv'    1.029995    0.061123
   23   'Cdv'    4.846279    0.295439
   33   'CUbar'    7.059694    0.809144
   34   'DUbar'    1.548098    1.096540
   41   'ADbar'    0.268798    0.008020
   42   'BDbar'   -0.127297    0.003628
   43   'CDbar'    9.586246    1.448861
  101   'alphas'    0.118000    0.001000
  102   'fs'    0.400000    0.000000
  103   'fcharm'    0.000000    0.000000
